Mover-I =      0.0000     0.0000     0.0000     0.0000     0.0000     1.0000
100 loop...
Outer loop...
t(ia) =      0.0000     0.0000     0.0000     0.0000     0.0000     0.0000
t(ib) =      0.0000     0.0000     0.0000     0.0000     0.0000     0.0000
t(ic) =      0.0000     0.0000     0.0000     0.0000     0.0000     1.0000
Inner loop...
t(ia) =      0.0000     0.0000     0.0000     0.0000     0.0000     1.0000
t(ib) =      0.0000     0.0000     0.0000     0.0000     0.0000     0.0000
t(ic) =      0.0000     0.0000     0.0000     0.0000     0.0000     1.0000
Inner loop...
t(ia) =      0.0225     0.4750     2.6920     0.0000     0.0000     1.0000
t(ib) =      0.0000     0.0000     0.0000     0.0000     0.0000     0.0000
t(ic) =      0.0000     0.0000     0.0000     0.0000     0.0000     1.0000
Inner loop...
t(ia) =      0.0225     0.4750     2.6920     0.0000     0.0000     1.0000
t(ib) =      0.0000     0.0000     0.0000     0.0000     0.0000     0.0000
t(ic) =      0.0000     0.0000     0.0000     0.0000     0.0000     1.0000
100 loop...
Outer loop...
t(ia) =      0.0000     0.0000     0.0000     0.0000     0.0000     0.0000
t(ib) =      0.0000     0.0000     0.0000     0.0000     0.0000     1.0000
t(ic) =      0.0235     0.4750     2.6920     0.0000     0.0000     1.0000
Inner loop...
t(ia) =      0.2235     0.4759     2.6902     0.0000     0.0000     1.0000
t(ib) =      0.0000     0.0000     0.0000     0.0000     0.0000     1.0000
t(ic) =      0.0235     0.4750     2.6920     0.0000     0.0000     1.0000
Inner loop...
t(ia) =      0.2235     0.4759     2.6902     0.0000     0.0000     1.0000
t(ib) =      0.0000     0.0000     0.0000     0.0000     0.0000     1.0000
t(ic) =      0.0235     0.4750     2.6920     0.0000     0.0000     1.0000
100 loop...
Outer loop...
t(ia) =      0.0000     0.0000     0.0000     0.0000     0.0000     1.0000
t(ib) =      0.0235     0.4750     2.6920     0.0000     0.0000     1.0000
t(ic) =      0.2235     0.4759     2.6902     0.0000     0.0000     1.0000
Inner loop...
t(ia) =      0.4235     0.4767     2.6884     0.0000     0.0000     1.0000
t(ib) =      0.0235     0.4750     2.6920     0.0000     0.0000     1.0000
t(ic) =      0.2235     0.4759     2.6902     0.0000     0.0000     1.0000
Inner loop...
t(ia) =      0.4235     0.4767     2.6884     0.0000     0.0000     1.0000
t(ib) =      0.0235     0.4750     2.6920     0.0000     0.0000     1.0000
t(ic) =      0.2235     0.4759     2.6902     0.0000     0.0000     1.0000
100 loop...
Outer loop...
t(ia) =      0.0235     0.4750     2.6920     0.0000     0.0000     1.0000
t(ib) =      0.2235     0.4759     2.6902     0.0000     0.0000     1.0000
t(ic) =      0.4235     0.4767     2.6884     0.0000     0.0000     1.0000
Inner loop...
t(ia) =      0.6235     0.4776     2.6865     0.0000     0.0000     1.0000
t(ib) =      0.2235     0.4759     2.6902     0.0000     0.0000     1.0000
t(ic) =      0.4235     0.4767     2.6884     0.0000     0.0000     1.0000
Inner loop...
t(ia) =      0.6235     0.4776     2.6865     0.0000     0.0000     1.0000
t(ib) =      0.2235     0.4759     2.6902     0.0000     0.0000     1.0000
t(ic) =      0.4235     0.4767     2.6884     0.0000     0.0000     1.0000
100 loop...
Outer loop...
t(ia) =      0.2235     0.4759     2.6902     0.0000     0.0000     1.0000
t(ib) =      0.4235     0.4767     2.6884     0.0000     0.0000     1.0000
t(ic) =      0.6235     0.4776     2.6865     0.0000     0.0000     1.0000
Inner loop...
t(ia) =      0.8235     0.4784     2.6847     0.0000     0.0000     1.0000
t(ib) =      0.4235     0.4767     2.6884     0.0000     0.0000     1.0000
t(ic) =      0.6235     0.4776     2.6865     0.0000     0.0000     1.0000
Inner loop...
t(ia) =      0.8235     0.4784     2.6847     0.0000     0.0000     1.0000
t(ib) =      0.4235     0.4767     2.6884     0.0000     0.0000     1.0000
t(ic) =      0.6235     0.4776     2.6865     0.0000     0.0000     1.0000
100 loop...
Outer loop...
t(ia) =      0.4235     0.4767     2.6884     0.0000     0.0000     1.0000
t(ib) =      0.6235     0.4776     2.6865     0.0000     0.0000     1.0000
t(ic) =      0.8235     0.4784     2.6847     0.0000     0.0000     1.0000
Inner loop...
t(ia) =      1.0235     0.4792     2.6829     0.0000     0.0000     1.0000
t(ib) =      0.6235     0.4776     2.6865     0.0000     0.0000     1.0000
t(ic) =      0.8235     0.4784     2.6847     0.0000     0.0000     1.0000
Inner loop...
t(ia) =      1.0235     0.4792     2.6829     0.0000     0.0000     1.0000
t(ib) =      0.6235     0.4776     2.6865     0.0000     0.0000     1.0000
t(ic) =      0.8235     0.4784     2.6847     0.0000     0.0000     1.0000
100 loop...
Outer loop...
t(ia) =      0.6235     0.4776     2.6865     0.0000     0.0000     1.0000
t(ib) =      0.8235     0.4784     2.6847     0.0000     0.0000     1.0000
t(ic) =      1.0235     0.4792     2.6829     0.0000     0.0000     1.0000
Inner loop...
t(ia) =      1.2235     0.4801     2.6811     0.0000     0.0000     1.0000
t(ib) =      0.8235     0.4784     2.6847     0.0000     0.0000     1.0000
t(ic) =      1.0235     0.4792     2.6829     0.0000     0.0000     1.0000
Inner loop...
t(ia) =      1.2235     0.4801     2.6811     0.0000     0.0000     1.0000
t(ib) =      0.8235     0.4784     2.6847     0.0000     0.0000     1.0000
t(ic) =      1.0235     0.4792     2.6829     0.0000     0.0000     1.0000
100 loop...
Outer loop...
t(ia) =      0.8235     0.4784     2.6847     0.0000     0.0000     1.0000
t(ib) =      1.0235     0.4792     2.6829     0.0000     0.0000     1.0000
t(ic) =      1.2235     0.4801     2.6811     0.0000     0.0000     1.0000
Inner loop...
t(ia) =      1.4235     0.4809     2.6792     0.0000     0.0000     1.0000
t(ib) =      1.0235     0.4792     2.6829     0.0000     0.0000     1.0000
t(ic) =      1.2235     0.4801     2.6811     0.0000     0.0000     1.0000
Inner loop...
t(ia) =      1.4235     0.4809     2.6792     0.0000     0.0000     1.0000
t(ib) =      1.0235     0.4792     2.6829     0.0000     0.0000     1.0000
t(ic) =      1.2235     0.4801     2.6811     0.0000     0.0000     1.0000
100 loop...
Outer loop...
t(ia) =      1.0235     0.4792     2.6829     0.0000     0.0000     1.0000
t(ib) =      1.2235     0.4801     2.6811     0.0000     0.0000     1.0000
t(ic) =      1.4235     0.4809     2.6792     0.0000     0.0000     1.0000
Inner loop...
t(ia) =      1.6234     0.4818     2.6774     0.0000     0.0000     1.0000
t(ib) =      1.2235     0.4801     2.6811     0.0000     0.0000     1.0000
t(ic) =      1.4235     0.4809     2.6792     0.0000     0.0000     1.0000
Inner loop...
t(ia) =      1.6234     0.4818     2.6774     0.0000     0.0000     1.0000
t(ib) =      1.2235     0.4801     2.6811     0.0000     0.0000     1.0000
t(ic) =      1.4235     0.4809     2.6792     0.0000     0.0000     1.0000
100 loop...
Outer loop...
t(ia) =      1.2235     0.4801     2.6811     0.0000     0.0000     1.0000
t(ib) =      1.4235     0.4809     2.6792     0.0000     0.0000     1.0000
t(ic) =      1.6234     0.4818     2.6774     0.0000     0.0000     1.0000
Inner loop...
t(ia) =      1.8234     0.4826     2.6756     0.0000     0.0000     1.0000
t(ib) =      1.4235     0.4809     2.6792     0.0000     0.0000     1.0000
t(ic) =      1.6234     0.4818     2.6774     0.0000     0.0000     1.0000
Inner loop...
t(ia) =      1.8234     0.4826     2.6756     0.0000     0.0000     1.0000
t(ib) =      1.4235     0.4809     2.6792     0.0000     0.0000     1.0000
t(ic) =      1.6234     0.4818     2.6774     0.0000     0.0000     1.0000
100 loop...
Outer loop...
t(ia) =      1.4235     0.4809     2.6792     0.0000     0.0000     1.0000
t(ib) =      1.6234     0.4818     2.6774     0.0000     0.0000     1.0000
t(ic) =      1.8234     0.4826     2.6756     0.0000     0.0000     1.0000
Inner loop...
t(ia) =      2.0234     0.4835     2.6738     0.0000     0.0000     1.0000
t(ib) =      1.6234     0.4818     2.6774     0.0000     0.0000     1.0000
t(ic) =      1.8234     0.4826     2.6756     0.0000     0.0000     1.0000
Inner loop...
t(ia) =      2.0234     0.4835     2.6738     0.0000     0.0000     1.0000
t(ib) =      1.6234     0.4818     2.6774     0.0000     0.0000     1.0000
t(ic) =      1.8234     0.4826     2.6756     0.0000     0.0000     1.0000
100 loop...
Outer loop...
t(ia) =      1.6234     0.4818     2.6774     0.0000     0.0000     1.0000
t(ib) =      1.8234     0.4826     2.6756     0.0000     0.0000     1.0000
t(ic) =      2.0234     0.4835     2.6738     0.0000     0.0000     1.0000
Inner loop...
t(ia) =      2.2234     0.4843     2.6720     0.0000     0.0000     1.0000
t(ib) =      1.8234     0.4826     2.6756     0.0000     0.0000     1.0000
t(ic) =      2.0234     0.4835     2.6738     0.0000     0.0000     1.0000
Inner loop...
t(ia) =      2.2234     0.4843     2.6720     0.0000     0.0000     1.0000
t(ib) =      1.8234     0.4826     2.6756     0.0000     0.0000     1.0000
t(ic) =      2.0234     0.4835     2.6738     0.0000     0.0000     1.0000
100 loop...
Outer loop...
t(ia) =      1.8234     0.4826     2.6756     0.0000     0.0000     1.0000
t(ib) =      2.0234     0.4835     2.6738     0.0000     0.0000     1.0000
t(ic) =      2.2234     0.4843     2.6720     0.0000     0.0000     1.0000
Inner loop...
t(ia) =      2.4234     0.4851     2.6701     0.0000     0.0000     1.0000
t(ib) =      2.0234     0.4835     2.6738     0.0000     0.0000     1.0000
t(ic) =      2.2234     0.4843     2.6720     0.0000     0.0000     1.0000
Inner loop...
t(ia) =      2.4234     0.4851     2.6701     0.0000     0.0000     1.0000
t(ib) =      2.0234     0.4835     2.6738     0.0000     0.0000     1.0000
t(ic) =      2.2234     0.4843     2.6720     0.0000     0.0000     1.0000
100 loop...
Outer loop...
t(ia) =      2.0234     0.4835     2.6738     0.0000     0.0000     1.0000
t(ib) =      2.2234     0.4843     2.6720     0.0000     0.0000     1.0000
t(ic) =      2.4234     0.4851     2.6701     0.0000     0.0000     1.0000
Inner loop...
t(ia) =      2.6234     0.4860     2.6683     0.0000     0.0000     1.0000
t(ib) =      2.2234     0.4843     2.6720     0.0000     0.0000     1.0000
t(ic) =      2.4234     0.4851     2.6701     0.0000     0.0000     1.0000
Inner loop...
t(ia) =      2.6234     0.4860     2.6683     0.0000     0.0000     1.0000
t(ib) =      2.2234     0.4843     2.6720     0.0000     0.0000     1.0000
t(ic) =      2.4234     0.4851     2.6701     0.0000     0.0000     1.0000
100 loop...
Outer loop...
t(ia) =      2.2234     0.4843     2.6720     0.0000     0.0000     1.0000
t(ib) =      2.4234     0.4851     2.6701     0.0000     0.0000     1.0000
t(ic) =      2.6234     0.4860     2.6683     0.0000     0.0000     1.0000
Inner loop...
t(ia) =      2.8234     0.4868     2.6665     0.0000     0.0000     1.0000
t(ib) =      2.4234     0.4851     2.6701     0.0000     0.0000     1.0000
t(ic) =      2.6234     0.4860     2.6683     0.0000     0.0000     1.0000
Inner loop...
t(ia) =      2.8234     0.4868     2.6665     0.0000     0.0000     1.0000
t(ib) =      2.4234     0.4851     2.6701     0.0000     0.0000     1.0000
t(ic) =      2.6234     0.4860     2.6683     0.0000     0.0000     1.0000
100 loop...
Outer loop...
t(ia) =      2.4234     0.4851     2.6701     0.0000     0.0000     1.0000
t(ib) =      2.6234     0.4860     2.6683     0.0000     0.0000     1.0000
t(ic) =      2.8234     0.4868     2.6665     0.0000     0.0000     1.0000
Inner loop...
t(ia) =      3.0234     0.4877     2.6647     0.0000     0.0000     1.0000
t(ib) =      2.6234     0.4860     2.6683     0.0000     0.0000     1.0000
t(ic) =      2.8234     0.4868     2.6665     0.0000     0.0000     1.0000
Inner loop...
t(ia) =      3.0234     0.4877     2.6647     0.0000     0.0000     1.0000
t(ib) =      2.6234     0.4860     2.6683     0.0000     0.0000     1.0000
t(ic) =      2.8234     0.4868     2.6665     0.0000     0.0000     1.0000
100 loop...
Outer loop...
t(ia) =      2.6234     0.4860     2.6683     0.0000     0.0000     1.0000
t(ib) =      2.8234     0.4868     2.6665     0.0000     0.0000     1.0000
t(ic) =      3.0234     0.4877     2.6647     0.0000     0.0000     1.0000
Inner loop...
t(ia) =      3.2234     0.4885     2.6628     0.0000     0.0000     1.0000
t(ib) =      2.8234     0.4868     2.6665     0.0000     0.0000     1.0000
t(ic) =      3.0234     0.4877     2.6647     0.0000     0.0000     1.0000
Inner loop...
t(ia) =      3.2234     0.4885     2.6628     0.0000     0.0000     1.0000
t(ib) =      2.8234     0.4868     2.6665     0.0000     0.0000     1.0000
t(ic) =      3.0234     0.4877     2.6647     0.0000     0.0000     1.0000
100 loop...
Outer loop...
t(ia) =      2.8234     0.4868     2.6665     0.0000     0.0000     1.0000
t(ib) =      3.0234     0.4877     2.6647     0.0000     0.0000     1.0000
t(ic) =      3.2234     0.4885     2.6628     0.0000     0.0000     1.0000
Inner loop...
t(ia) =      3.4234     0.4893     2.6610     0.0000     0.0000     1.0000
t(ib) =      3.0234     0.4877     2.6647     0.0000     0.0000     1.0000
t(ic) =      3.2234     0.4885     2.6628     0.0000     0.0000     1.0000
Inner loop...
t(ia) =      3.4234     0.4893     2.6610     0.0000     0.0000     1.0000
t(ib) =      3.0234     0.4877     2.6647     0.0000     0.0000     1.0000
t(ic) =      3.2234     0.4885     2.6628     0.0000     0.0000     1.0000
100 loop...
Outer loop...
t(ia) =      3.0234     0.4877     2.6647     0.0000     0.0000     1.0000
t(ib) =      3.2234     0.4885     2.6628     0.0000     0.0000     1.0000
t(ic) =      3.4234     0.4893     2.6610     0.0000     0.0000     1.0000
Inner loop...
t(ia) =      3.6233     0.4902     2.6592     0.0000     0.0000     1.0000
t(ib) =      3.2234     0.4885     2.6628     0.0000     0.0000     1.0000
t(ic) =      3.4234     0.4893     2.6610     0.0000     0.0000     1.0000
Inner loop...
t(ia) =      3.6233     0.4902     2.6592     0.0000     0.0000     1.0000
t(ib) =      3.2234     0.4885     2.6628     0.0000     0.0000     1.0000
t(ic) =      3.4234     0.4893     2.6610     0.0000     0.0000     1.0000
100 loop...
Outer loop...
t(ia) =      3.2234     0.4885     2.6628     0.0000     0.0000     1.0000
t(ib) =      3.4234     0.4893     2.6610     0.0000     0.0000     1.0000
t(ic) =      3.6233     0.4902     2.6592     0.0000     0.0000     1.0000
Inner loop...
t(ia) =      3.8233     0.4910     2.6574     0.0000     0.0000     1.0000
t(ib) =      3.4234     0.4893     2.6610     0.0000     0.0000     1.0000
t(ic) =      3.6233     0.4902     2.6592     0.0000     0.0000     1.0000
Inner loop...
t(ia) =      3.8233     0.4910     2.6574     0.0000     0.0000     1.0000
t(ib) =      3.4234     0.4893     2.6610     0.0000     0.0000     1.0000
t(ic) =      3.6233     0.4902     2.6592     0.0000     0.0000     1.0000
100 loop...
Outer loop...
t(ia) =      3.4234     0.4893     2.6610     0.0000     0.0000     1.0000
t(ib) =      3.6233     0.4902     2.6592     0.0000     0.0000     1.0000
t(ic) =      3.8233     0.4910     2.6574     0.0000     0.0000     1.0000
Inner loop...
t(ia) =      4.0233     0.4919     2.6556     0.0000     0.0000     1.0000
t(ib) =      3.6233     0.4902     2.6592     0.0000     0.0000     1.0000
t(ic) =      3.8233     0.4910     2.6574     0.0000     0.0000     1.0000
Inner loop...
t(ia) =      4.0233     0.4919     2.6556     0.0000     0.0000     1.0000
t(ib) =      3.6233     0.4902     2.6592     0.0000     0.0000     1.0000
t(ic) =      3.8233     0.4910     2.6574     0.0000     0.0000     1.0000
100 loop...
Outer loop...
t(ia) =      3.6233     0.4902     2.6592     0.0000     0.0000     1.0000
t(ib) =      3.8233     0.4910     2.6574     0.0000     0.0000     1.0000
t(ic) =      4.0233     0.4919     2.6556     0.0000     0.0000     1.0000
Inner loop...
t(ia) =      4.2233     0.4927     2.6537     0.0000     0.0000     1.0000
t(ib) =      3.8233     0.4910     2.6574     0.0000     0.0000     1.0000
t(ic) =      4.0233     0.4919     2.6556     0.0000     0.0000     1.0000
Inner loop...
t(ia) =      4.2233     0.4927     2.6537     0.0000     0.0000     1.0000
t(ib) =      3.8233     0.4910     2.6574     0.0000     0.0000     1.0000
t(ic) =      4.0233     0.4919     2.6556     0.0000     0.0000     1.0000
100 loop...
Outer loop...
t(ia) =      3.8233     0.4910     2.6574     0.0000     0.0000     1.0000
t(ib) =      4.0233     0.4919     2.6556     0.0000     0.0000     1.0000
t(ic) =      4.2233     0.4927     2.6537     0.0000     0.0000     1.0000
Inner loop...
t(ia) =      4.4233     0.4936     2.6519     0.0000     0.0000     1.0000
t(ib) =      4.0233     0.4919     2.6556     0.0000     0.0000     1.0000
t(ic) =      4.2233     0.4927     2.6537     0.0000     0.0000     1.0000
Inner loop...
t(ia) =      4.4233     0.4936     2.6519     0.0000     0.0000     1.0000
t(ib) =      4.0233     0.4919     2.6556     0.0000     0.0000     1.0000
t(ic) =      4.2233     0.4927     2.6537     0.0000     0.0000     1.0000
100 loop...
Outer loop...
t(ia) =      4.0233     0.4919     2.6556     0.0000     0.0000     1.0000
t(ib) =      4.2233     0.4927     2.6537     0.0000     0.0000     1.0000
t(ic) =      4.4233     0.4936     2.6519     0.0000     0.0000     1.0000
Inner loop...
t(ia) =      4.6233     0.4944     2.6501     0.0000     0.0000     1.0000
t(ib) =      4.2233     0.4927     2.6537     0.0000     0.0000     1.0000
t(ic) =      4.4233     0.4936     2.6519     0.0000     0.0000     1.0000
Inner loop...
t(ia) =      4.6233     0.4944     2.6501     0.0000     0.0000     1.0000
t(ib) =      4.2233     0.4927     2.6537     0.0000     0.0000     1.0000
t(ic) =      4.4233     0.4936     2.6519     0.0000     0.0000     1.0000
100 loop...
Outer loop...
t(ia) =      4.2233     0.4927     2.6537     0.0000     0.0000     1.0000
t(ib) =      4.4233     0.4936     2.6519     0.0000     0.0000     1.0000
t(ic) =      4.6233     0.4944     2.6501     0.0000     0.0000     1.0000
Inner loop...
t(ia) =      4.8233     0.4952     2.6483     0.0000     0.0000     1.0000
t(ib) =      4.4233     0.4936     2.6519     0.0000     0.0000     1.0000
t(ic) =      4.6233     0.4944     2.6501     0.0000     0.0000     1.0000
Inner loop...
t(ia) =      4.8233     0.4952     2.6483     0.0000     0.0000     1.0000
t(ib) =      4.4233     0.4936     2.6519     0.0000     0.0000     1.0000
t(ic) =      4.6233     0.4944     2.6501     0.0000     0.0000     1.0000
100 loop...
Outer loop...
t(ia) =      4.4233     0.4936     2.6519     0.0000     0.0000     1.0000
t(ib) =      4.6233     0.4944     2.6501     0.0000     0.0000     1.0000
t(ic) =      4.8233     0.4952     2.6483     0.0000     0.0000     1.0000
Inner loop...
t(ia) =      5.0233     0.4961     2.6464     0.0000     0.0000     1.0000
t(ib) =      4.6233     0.4944     2.6501     0.0000     0.0000     1.0000
t(ic) =      4.8233     0.4952     2.6483     0.0000     0.0000     1.0000
Inner loop...
t(ia) =      5.0233     0.4961     2.6464     0.0000     0.0000     1.0000
t(ib) =      4.6233     0.4944     2.6501     0.0000     0.0000     1.0000
t(ic) =      4.8233     0.4952     2.6483     0.0000     0.0000     1.0000
100 loop...
Outer loop...
t(ia) =      4.6233     0.4944     2.6501     0.0000     0.0000     1.0000
t(ib) =      4.8233     0.4952     2.6483     0.0000     0.0000     1.0000
t(ic) =      5.0233     0.4961     2.6464     0.0000     0.0000     1.0000
Inner loop...
t(ia) =      5.2233     0.4969     2.6446     0.0000     0.0000     1.0000
t(ib) =      4.8233     0.4952     2.6483     0.0000     0.0000     1.0000
t(ic) =      5.0233     0.4961     2.6464     0.0000     0.0000     1.0000
Inner loop...
t(ia) =      5.2233     0.4969     2.6446     0.0000     0.0000     1.0000
t(ib) =      4.8233     0.4952     2.6483     0.0000     0.0000     1.0000
t(ic) =      5.0233     0.4961     2.6464     0.0000     0.0000     1.0000
100 loop...
Outer loop...
t(ia) =      4.8233     0.4952     2.6483     0.0000     0.0000     1.0000
t(ib) =      5.0233     0.4961     2.6464     0.0000     0.0000     1.0000
t(ic) =      5.2233     0.4969     2.6446     0.0000     0.0000     1.0000
Inner loop...
t(ia) =      5.4233     0.4978     2.6428     0.0000     0.0000     1.0000
t(ib) =      5.0233     0.4961     2.6464     0.0000     0.0000     1.0000
t(ic) =      5.2233     0.4969     2.6446     0.0000     0.0000     1.0000
Inner loop...
t(ia) =      5.4233     0.4978     2.6428     0.0000     0.0000     1.0000
t(ib) =      5.0233     0.4961     2.6464     0.0000     0.0000     1.0000
t(ic) =      5.2233     0.4969     2.6446     0.0000     0.0000     1.0000
100 loop...
Outer loop...
t(ia) =      5.0233     0.4961     2.6464     0.0000     0.0000     1.0000
t(ib) =      5.2233     0.4969     2.6446     0.0000     0.0000     1.0000
t(ic) =      5.4233     0.4978     2.6428     0.0000     0.0000     1.0000
Inner loop...
t(ia) =      5.6232     0.4986     2.6410     0.0000     0.0000     1.0000
t(ib) =      5.2233     0.4969     2.6446     0.0000     0.0000     1.0000
t(ic) =      5.4233     0.4978     2.6428     0.0000     0.0000     1.0000
Inner loop...
t(ia) =      5.6232     0.4986     2.6410     0.0000     0.0000     1.0000
t(ib) =      5.2233     0.4969     2.6446     0.0000     0.0000     1.0000
t(ic) =      5.4233     0.4978     2.6428     0.0000     0.0000     1.0000
100 loop...
Outer loop...
t(ia) =      5.2233     0.4969     2.6446     0.0000     0.0000     1.0000
t(ib) =      5.4233     0.4978     2.6428     0.0000     0.0000     1.0000
t(ic) =      5.6232     0.4986     2.6410     0.0000     0.0000     1.0000
Inner loop...
t(ia) =      5.8232     0.4995     2.6392     0.0000     0.0000     1.0000
t(ib) =      5.4233     0.4978     2.6428     0.0000     0.0000     1.0000
t(ic) =      5.6232     0.4986     2.6410     0.0000     0.0000     1.0000
Inner loop...
t(ia) =      5.8232     0.4995     2.6392     0.0000     0.0000     1.0000
t(ib) =      5.4233     0.4978     2.6428     0.0000     0.0000     1.0000
t(ic) =      5.6232     0.4986     2.6410     0.0000     0.0000     1.0000
100 loop...
Outer loop...
t(ia) =      5.4233     0.4978     2.6428     0.0000     0.0000     1.0000
t(ib) =      5.6232     0.4986     2.6410     0.0000     0.0000     1.0000
t(ic) =      5.8232     0.4995     2.6392     0.0000     0.0000     1.0000
Inner loop...
t(ia) =      6.0232     0.5003     2.6373     0.0000     0.0000     1.0000
t(ib) =      5.6232     0.4986     2.6410     0.0000     0.0000     1.0000
t(ic) =      5.8232     0.4995     2.6392     0.0000     0.0000     1.0000
Inner loop...
t(ia) =      6.0232     0.5003     2.6373     0.0000     0.0000     1.0000
t(ib) =      5.6232     0.4986     2.6410     0.0000     0.0000     1.0000
t(ic) =      5.8232     0.4995     2.6392     0.0000     0.0000     1.0000
100 loop...
Outer loop...
t(ia) =      5.6232     0.4986     2.6410     0.0000     0.0000     1.0000
t(ib) =      5.8232     0.4995     2.6392     0.0000     0.0000     1.0000
t(ic) =      6.0232     0.5003     2.6373     0.0000     0.0000     1.0000
Inner loop...
t(ia) =      6.2232     0.5011     2.6355     0.0000     0.0000     1.0000
t(ib) =      5.8232     0.4995     2.6392     0.0000     0.0000     1.0000
t(ic) =      6.0232     0.5003     2.6373     0.0000     0.0000     1.0000
Inner loop...
t(ia) =      6.2232     0.5011     2.6355     0.0000     0.0000     1.0000
t(ib) =      5.8232     0.4995     2.6392     0.0000     0.0000     1.0000
t(ic) =      6.0232     0.5003     2.6373     0.0000     0.0000     1.0000
100 loop...
Outer loop...
t(ia) =      5.8232     0.4995     2.6392     0.0000     0.0000     1.0000
t(ib) =      6.0232     0.5003     2.6373     0.0000     0.0000     1.0000
t(ic) =      6.2232     0.5011     2.6355     0.0000     0.0000     1.0000
Inner loop...
t(ia) =      6.4232     0.5020     2.6337     0.0000     0.0000     1.0000
t(ib) =      6.0232     0.5003     2.6373     0.0000     0.0000     1.0000
t(ic) =      6.2232     0.5011     2.6355     0.0000     0.0000     1.0000
Inner loop...
t(ia) =      6.4232     0.5020     2.6337     0.0000     0.0000     1.0000
t(ib) =      6.0232     0.5003     2.6373     0.0000     0.0000     1.0000
t(ic) =      6.2232     0.5011     2.6355     0.0000     0.0000     1.0000
100 loop...
Outer loop...
t(ia) =      6.0232     0.5003     2.6373     0.0000     0.0000     1.0000
t(ib) =      6.2232     0.5011     2.6355     0.0000     0.0000     1.0000
t(ic) =      6.4232     0.5020     2.6337     0.0000     0.0000     1.0000
Inner loop...
t(ia) =      6.6232     0.5028     2.6319     0.0000     0.0000     1.0000
t(ib) =      6.2232     0.5011     2.6355     0.0000     0.0000     1.0000
t(ic) =      6.4232     0.5020     2.6337     0.0000     0.0000     1.0000
Inner loop...
t(ia) =      6.6232     0.5028     2.6319     0.0000     0.0000     1.0000
t(ib) =      6.2232     0.5011     2.6355     0.0000     0.0000     1.0000
t(ic) =      6.4232     0.5020     2.6337     0.0000     0.0000     1.0000
100 loop...
Outer loop...
t(ia) =      6.2232     0.5011     2.6355     0.0000     0.0000     1.0000
t(ib) =      6.4232     0.5020     2.6337     0.0000     0.0000     1.0000
t(ic) =      6.6232     0.5028     2.6319     0.0000     0.0000     1.0000
Inner loop...
t(ia) =      6.8232     0.5037     2.6300     0.0000     0.0000     1.0000
t(ib) =      6.4232     0.5020     2.6337     0.0000     0.0000     1.0000
t(ic) =      6.6232     0.5028     2.6319     0.0000     0.0000     1.0000
Inner loop...
t(ia) =      6.8232     0.5037     2.6300     0.0000     0.0000     1.0000
t(ib) =      6.4232     0.5020     2.6337     0.0000     0.0000     1.0000
t(ic) =      6.6232     0.5028     2.6319     0.0000     0.0000     1.0000
100 loop...
Outer loop...
t(ia) =      6.4232     0.5020     2.6337     0.0000     0.0000     1.0000
t(ib) =      6.6232     0.5028     2.6319     0.0000     0.0000     1.0000
t(ic) =      6.8232     0.5037     2.6300     0.0000     0.0000     1.0000
Inner loop...
t(ia) =      7.0232     0.5045     2.6282     0.0000     0.0000     1.0000
t(ib) =      6.6232     0.5028     2.6319     0.0000     0.0000     1.0000
t(ic) =      6.8232     0.5037     2.6300     0.0000     0.0000     1.0000
Inner loop...
t(ia) =      7.0232     0.5045     2.6282     0.0000     0.0000     1.0000
t(ib) =      6.6232     0.5028     2.6319     0.0000     0.0000     1.0000
t(ic) =      6.8232     0.5037     2.6300     0.0000     0.0000     1.0000
100 loop...
Outer loop...
t(ia) =      6.6232     0.5028     2.6319     0.0000     0.0000     1.0000
t(ib) =      6.8232     0.5037     2.6300     0.0000     0.0000     1.0000
t(ic) =      7.0232     0.5045     2.6282     0.0000     0.0000     1.0000
Inner loop...
t(ia) =      7.2232     0.5053     2.6264     0.0000     0.0000     1.0000
t(ib) =      6.8232     0.5037     2.6300     0.0000     0.0000     1.0000
t(ic) =      7.0232     0.5045     2.6282     0.0000     0.0000     1.0000
Inner loop...
t(ia) =      7.2232     0.5053     2.6264     0.0000     0.0000     1.0000
t(ib) =      6.8232     0.5037     2.6300     0.0000     0.0000     1.0000
t(ic) =      7.0232     0.5045     2.6282     0.0000     0.0000     1.0000
100 loop...
Outer loop...
t(ia) =      6.8232     0.5037     2.6300     0.0000     0.0000     1.0000
t(ib) =      7.0232     0.5045     2.6282     0.0000     0.0000     1.0000
t(ic) =      7.2232     0.5053     2.6264     0.0000     0.0000     1.0000
Inner loop...
t(ia) =      7.4232     0.5062     2.6246     0.0000     0.0000     1.0000
t(ib) =      7.0232     0.5045     2.6282     0.0000     0.0000     1.0000
t(ic) =      7.2232     0.5053     2.6264     0.0000     0.0000     1.0000
Inner loop...
t(ia) =      7.4232     0.5062     2.6246     0.0000     0.0000     1.0000
t(ib) =      7.0232     0.5045     2.6282     0.0000     0.0000     1.0000
t(ic) =      7.2232     0.5053     2.6264     0.0000     0.0000     1.0000
100 loop...
Outer loop...
t(ia) =      7.0232     0.5045     2.6282     0.0000     0.0000     1.0000
t(ib) =      7.2232     0.5053     2.6264     0.0000     0.0000     1.0000
t(ic) =      7.4232     0.5062     2.6246     0.0000     0.0000     1.0000
Inner loop...
t(ia) =      7.6231     0.5070     2.6228     0.0000     0.0000     1.0000
t(ib) =      7.2232     0.5053     2.6264     0.0000     0.0000     1.0000
t(ic) =      7.4232     0.5062     2.6246     0.0000     0.0000     1.0000
Inner loop...
t(ia) =      7.6231     0.5070     2.6228     0.0000     0.0000     1.0000
t(ib) =      7.2232     0.5053     2.6264     0.0000     0.0000     1.0000
t(ic) =      7.4232     0.5062     2.6246     0.0000     0.0000     1.0000
100 loop...
Outer loop...
t(ia) =      7.2232     0.5053     2.6264     0.0000     0.0000     1.0000
t(ib) =      7.4232     0.5062     2.6246     0.0000     0.0000     1.0000
t(ic) =      7.6231     0.5070     2.6228     0.0000     0.0000     1.0000
Inner loop...
t(ia) =      7.8231     0.5079     2.6209     0.0000     0.0000     1.0000
t(ib) =      7.4232     0.5062     2.6246     0.0000     0.0000     1.0000
t(ic) =      7.6231     0.5070     2.6228     0.0000     0.0000     1.0000
Inner loop...
t(ia) =      7.8231     0.5079     2.6209     0.0000     0.0000     1.0000
t(ib) =      7.4232     0.5062     2.6246     0.0000     0.0000     1.0000
t(ic) =      7.6231     0.5070     2.6228     0.0000     0.0000     1.0000
100 loop...
Outer loop...
t(ia) =      7.4232     0.5062     2.6246     0.0000     0.0000     1.0000
t(ib) =      7.6231     0.5070     2.6228     0.0000     0.0000     1.0000
t(ic) =      7.8231     0.5079     2.6209     0.0000     0.0000     1.0000
Inner loop...
t(ia) =      8.0231     0.5087     2.6191     0.0000     0.0000     1.0000
t(ib) =      7.6231     0.5070     2.6228     0.0000     0.0000     1.0000
t(ic) =      7.8231     0.5079     2.6209     0.0000     0.0000     1.0000
Inner loop...
t(ia) =      8.0231     0.5087     2.6191     0.0000     0.0000     1.0000
t(ib) =      7.6231     0.5070     2.6228     0.0000     0.0000     1.0000
t(ic) =      7.8231     0.5079     2.6209     0.0000     0.0000     1.0000
100 loop...
Outer loop...
t(ia) =      7.6231     0.5070     2.6228     0.0000     0.0000     1.0000
t(ib) =      7.8231     0.5079     2.6209     0.0000     0.0000     1.0000
t(ic) =      8.0231     0.5087     2.6191     0.0000     0.0000     1.0000
Inner loop...
t(ia) =      8.2231     0.5096     2.6173     0.0000     0.0000     1.0000
t(ib) =      7.8231     0.5079     2.6209     0.0000     0.0000     1.0000
t(ic) =      8.0231     0.5087     2.6191     0.0000     0.0000     1.0000
Inner loop...
t(ia) =      8.2231     0.5096     2.6173     0.0000     0.0000     1.0000
t(ib) =      7.8231     0.5079     2.6209     0.0000     0.0000     1.0000
t(ic) =      8.0231     0.5087     2.6191     0.0000     0.0000     1.0000
100 loop...
Outer loop...
t(ia) =      7.8231     0.5079     2.6209     0.0000     0.0000     1.0000
t(ib) =      8.0231     0.5087     2.6191     0.0000     0.0000     1.0000
t(ic) =      8.2231     0.5096     2.6173     0.0000     0.0000     1.0000
Inner loop...
t(ia) =      8.4231     0.5104     2.6155     0.0000     0.0000     1.0000
t(ib) =      8.0231     0.5087     2.6191     0.0000     0.0000     1.0000
t(ic) =      8.2231     0.5096     2.6173     0.0000     0.0000     1.0000
Inner loop...
t(ia) =      8.4231     0.5104     2.6155     0.0000     0.0000     1.0000
t(ib) =      8.0231     0.5087     2.6191     0.0000     0.0000     1.0000
t(ic) =      8.2231     0.5096     2.6173     0.0000     0.0000     1.0000
100 loop...
Outer loop...
t(ia) =      8.0231     0.5087     2.6191     0.0000     0.0000     1.0000
t(ib) =      8.2231     0.5096     2.6173     0.0000     0.0000     1.0000
t(ic) =      8.4231     0.5104     2.6155     0.0000     0.0000     1.0000
Inner loop...
t(ia) =      8.6231     0.5112     2.6136     0.0000     0.0000     1.0000
t(ib) =      8.2231     0.5096     2.6173     0.0000     0.0000     1.0000
t(ic) =      8.4231     0.5104     2.6155     0.0000     0.0000     1.0000
Inner loop...
t(ia) =      8.6231     0.5112     2.6136     0.0000     0.0000     1.0000
t(ib) =      8.2231     0.5096     2.6173     0.0000     0.0000     1.0000
t(ic) =      8.4231     0.5104     2.6155     0.0000     0.0000     1.0000
100 loop...
Outer loop...
t(ia) =      8.2231     0.5096     2.6173     0.0000     0.0000     1.0000
t(ib) =      8.4231     0.5104     2.6155     0.0000     0.0000     1.0000
t(ic) =      8.6231     0.5112     2.6136     0.0000     0.0000     1.0000
Inner loop...
t(ia) =      8.8231     0.5121     2.6118     0.0000     0.0000     1.0000
t(ib) =      8.4231     0.5104     2.6155     0.0000     0.0000     1.0000
t(ic) =      8.6231     0.5112     2.6136     0.0000     0.0000     1.0000
Inner loop...
t(ia) =      8.8231     0.5121     2.6118     0.0000     0.0000     1.0000
t(ib) =      8.4231     0.5104     2.6155     0.0000     0.0000     1.0000
t(ic) =      8.6231     0.5112     2.6136     0.0000     0.0000     1.0000
100 loop...
Outer loop...
t(ia) =      8.4231     0.5104     2.6155     0.0000     0.0000     1.0000
t(ib) =      8.6231     0.5112     2.6136     0.0000     0.0000     1.0000
t(ic) =      8.8231     0.5121     2.6118     0.0000     0.0000     1.0000
Inner loop...
t(ia) =      9.0231     0.5129     2.6100     0.0000     0.0000     1.0000
t(ib) =      8.6231     0.5112     2.6136     0.0000     0.0000     1.0000
t(ic) =      8.8231     0.5121     2.6118     0.0000     0.0000     1.0000
Inner loop...
t(ia) =      9.0231     0.5129     2.6100     0.0000     0.0000     1.0000
t(ib) =      8.6231     0.5112     2.6136     0.0000     0.0000     1.0000
t(ic) =      8.8231     0.5121     2.6118     0.0000     0.0000     1.0000
100 loop...
Outer loop...
t(ia) =      8.6231     0.5112     2.6136     0.0000     0.0000     1.0000
t(ib) =      8.8231     0.5121     2.6118     0.0000     0.0000     1.0000
t(ic) =      9.0231     0.5129     2.6100     0.0000     0.0000     1.0000
Inner loop...
t(ia) =      9.2231     0.5138     2.6082     0.0000     0.0000     1.0000
t(ib) =      8.8231     0.5121     2.6118     0.0000     0.0000     1.0000
t(ic) =      9.0231     0.5129     2.6100     0.0000     0.0000     1.0000
Inner loop...
t(ia) =      9.2231     0.5138     2.6082     0.0000     0.0000     1.0000
t(ib) =      8.8231     0.5121     2.6118     0.0000     0.0000     1.0000
t(ic) =      9.0231     0.5129     2.6100     0.0000     0.0000     1.0000
100 loop...
Outer loop...
t(ia) =      8.8231     0.5121     2.6118     0.0000     0.0000     1.0000
t(ib) =      9.0231     0.5129     2.6100     0.0000     0.0000     1.0000
t(ic) =      9.2231     0.5138     2.6082     0.0000     0.0000     1.0000
Inner loop...
t(ia) =      9.4231     0.5146     2.6064     0.0000     0.0000     1.0000
t(ib) =      9.0231     0.5129     2.6100     0.0000     0.0000     1.0000
t(ic) =      9.2231     0.5138     2.6082     0.0000     0.0000     1.0000
Inner loop...
t(ia) =      9.4231     0.5146     2.6064     0.0000     0.0000     1.0000
t(ib) =      9.0231     0.5129     2.6100     0.0000     0.0000     1.0000
t(ic) =      9.2231     0.5138     2.6082     0.0000     0.0000     1.0000
100 loop...
Outer loop...
t(ia) =      9.0231     0.5129     2.6100     0.0000     0.0000     1.0000
t(ib) =      9.2231     0.5138     2.6082     0.0000     0.0000     1.0000
t(ic) =      9.4231     0.5146     2.6064     0.0000     0.0000     1.0000
Inner loop...
t(ia) =      9.6230     0.5154     2.6045     0.0000     0.0000     1.0000
t(ib) =      9.2231     0.5138     2.6082     0.0000     0.0000     1.0000
t(ic) =      9.4231     0.5146     2.6064     0.0000     0.0000     1.0000
Inner loop...
t(ia) =      9.6230     0.5154     2.6045     0.0000     0.0000     1.0000
t(ib) =      9.2231     0.5138     2.6082     0.0000     0.0000     1.0000
t(ic) =      9.4231     0.5146     2.6064     0.0000     0.0000     1.0000
100 loop...
Outer loop...
t(ia) =      9.2231     0.5138     2.6082     0.0000     0.0000     1.0000
t(ib) =      9.4231     0.5146     2.6064     0.0000     0.0000     1.0000
t(ic) =      9.6230     0.5154     2.6045     0.0000     0.0000     1.0000
Inner loop...
t(ia) =      9.8230     0.5163     2.6027     0.0000     0.0000     1.0000
t(ib) =      9.4231     0.5146     2.6064     0.0000     0.0000     1.0000
t(ic) =      9.6230     0.5154     2.6045     0.0000     0.0000     1.0000
Inner loop...
t(ia) =      9.8230     0.5163     2.6027     0.0000     0.0000     1.0000
t(ib) =      9.4231     0.5146     2.6064     0.0000     0.0000     1.0000
t(ic) =      9.6230     0.5154     2.6045     0.0000     0.0000     1.0000
100 loop...
Outer loop...
t(ia) =      9.4231     0.5146     2.6064     0.0000     0.0000     1.0000
t(ib) =      9.6230     0.5154     2.6045     0.0000     0.0000     1.0000
t(ic) =      9.8230     0.5163     2.6027     0.0000     0.0000     1.0000
Inner loop...
t(ia) =     10.0230     0.5171     2.6009     0.0000     0.0000     1.0000
t(ib) =      9.6230     0.5154     2.6045     0.0000     0.0000     1.0000
t(ic) =      9.8230     0.5163     2.6027     0.0000     0.0000     1.0000
Inner loop...
t(ia) =     10.0230     0.5171     2.6009     0.0000     0.0000     1.0000
t(ib) =      9.6230     0.5154     2.6045     0.0000     0.0000     1.0000
t(ic) =      9.8230     0.5163     2.6027     0.0000     0.0000     1.0000
100 loop...
Outer loop...
t(ia) =      9.6230     0.5154     2.6045     0.0000     0.0000     1.0000
t(ib) =      9.8230     0.5163     2.6027     0.0000     0.0000     1.0000
t(ic) =     10.0230     0.5171     2.6009     0.0000     0.0000     1.0000
Inner loop...
t(ia) =     10.2230     0.5180     2.5991     0.0000     0.0000     1.0000
t(ib) =      9.8230     0.5163     2.6027     0.0000     0.0000     1.0000
t(ic) =     10.0230     0.5171     2.6009     0.0000     0.0000     1.0000
Inner loop...
t(ia) =     10.2230     0.5180     2.5991     0.0000     0.0000     1.0000
t(ib) =      9.8230     0.5163     2.6027     0.0000     0.0000     1.0000
t(ic) =     10.0230     0.5171     2.6009     0.0000     0.0000     1.0000
100 loop...
Outer loop...
t(ia) =      9.8230     0.5163     2.6027     0.0000     0.0000     1.0000
t(ib) =     10.0230     0.5171     2.6009     0.0000     0.0000     1.0000
t(ic) =     10.2230     0.5180     2.5991     0.0000     0.0000     1.0000
Inner loop...
t(ia) =     10.4230     0.5188     2.5972     0.0000     0.0000     1.0000
t(ib) =     10.0230     0.5171     2.6009     0.0000     0.0000     1.0000
t(ic) =     10.2230     0.5180     2.5991     0.0000     0.0000     1.0000
Inner loop...
t(ia) =     10.4230     0.5188     2.5972     0.0000     0.0000     1.0000
t(ib) =     10.0230     0.5171     2.6009     0.0000     0.0000     1.0000
t(ic) =     10.2230     0.5180     2.5991     0.0000     0.0000     1.0000
100 loop...
Outer loop...
t(ia) =     10.0230     0.5171     2.6009     0.0000     0.0000     1.0000
t(ib) =     10.2230     0.5180     2.5991     0.0000     0.0000     1.0000
t(ic) =     10.4230     0.5188     2.5972     0.0000     0.0000     1.0000
Inner loop...
t(ia) =     10.6230     0.5197     2.5954     0.0000     0.0000     1.0000
t(ib) =     10.2230     0.5180     2.5991     0.0000     0.0000     1.0000
t(ic) =     10.4230     0.5188     2.5972     0.0000     0.0000     1.0000
Inner loop...
t(ia) =     10.6230     0.5197     2.5954     0.0000     0.0000     1.0000
t(ib) =     10.2230     0.5180     2.5991     0.0000     0.0000     1.0000
t(ic) =     10.4230     0.5188     2.5972     0.0000     0.0000     1.0000
100 loop...
Outer loop...
t(ia) =     10.2230     0.5180     2.5991     0.0000     0.0000     1.0000
t(ib) =     10.4230     0.5188     2.5972     0.0000     0.0000     1.0000
t(ic) =     10.6230     0.5197     2.5954     0.0000     0.0000     1.0000
Inner loop...
